0.0238095238095238095238095238095238095238095238095238095238095
0.0234375000000000000000000000000000000000000000000000000000000
0.0312500000000000000000000000000000000000000000000000000000000
0.000000000000000000000000000000000000000000000000000000000000
0.0416666666666666666666666666666666666666666666666666666666667
0.000000000000000000000000000000000000000000000000000000000000
0.0500000000000000000000000000000000000000000000000000000000000
0.0500000000000000000000000000000000000000000000000000000000000
0.000000000000000000000000000000000000000000000000000000000000
0.100000000000000000000000000000000000000000000000000000000000
0.0714285714285714285714285714285714285714285714285714285714286
0.000000000000000000000000000000000000000000000000000000000000
0.138413023680782974005350203145033146748813640089941234591267
0.215872690604931311708935511140681138965472074195773051123019
0.243809523809523809523809523809523809523809523809523809523810
0.215872690604931311708935511140681138965472074195773051123019
0.138413023680782974005350203145033146748813640089941234591267
-0.0714285714285714285714285714285714285714285714285714285714286
-0.100000000000000000000000000000000000000000000000000000000000
-0.0500000000000000000000000000000000000000000000000000000000000
-0.0500000000000000000000000000000000000000000000000000000000000
-0.0416666666666666666666666666666666666666666666666666666666667
-0.0312500000000000000000000000000000000000000000000000000000000
-0.0234375000000000000000000000000000000000000000000000000000000
0.0238095238095238095238095238095238095238095238095238095238095