0.0333333333333333333333333333333333333333333333333333333333333
0.0250000000000000000000000000000000000000000000000000000000000
0.0333333333333333333333333333333333333333333333333333333333333
0.000000000000000000000000000000000000000000000000000000000000
0.0500000000000000000000000000000000000000000000000000000000000
0.000000000000000000000000000000000000000000000000000000000000
0.0400000000000000000000000000000000000000000000000000000000000
0.000000000000000000000000000000000000000000000000000000000000
0.189237478148923490158306404106012326238162346948625830327194
0.277429188517743176508360262560654340428504319718040836339472
0.277429188517743176508360262560654340428504319718040836339472
0.189237478148923490158306404106012326238162346948625830327194
-0.0400000000000000000000000000000000000000000000000000000000000
-0.0500000000000000000000000000000000000000000000000000000000000
-0.0333333333333333333333333333333333333333333333333333333333333
-0.0250000000000000000000000000000000000000000000000000000000000
0.0333333333333333333333333333333333333333333333333333333333333