 0.0178571428571428571428571428571428571428571428571428571428571
 0.00585937500000000000000000000000000000000000000000000000000000
 0.0117187500000000000000000000000000000000000000000000000000000
 0
 0.0175781250000000000000000000000000000000000000000000000000000
 0
 0.0234375000000000000000000000000000000000000000000000000000000
 0.0292968750000000000000000000000000000000000000000000000000000
 0
 0.0351562500000000000000000000000000000000000000000000000000000
 0.0410156250000000000000000000000000000000000000000000000000000
 0.0468750000000000000000000000000000000000000000000000000000000
 0
 0.0527343750000000000000000000000000000000000000000000000000000
 0.0585937500000000000000000000000000000000000000000000000000000
 0.0644531250000000000000000000000000000000000000000000000000000
 0
 0.105352113571753019691496032887878162227673083080523884041670
 0.170561346241752182382120338553874085887555487802790804737501
 0.206229397329351940783526485701104894741914286259542454077972
 0.206229397329351940783526485701104894741914286259542454077972
 0.170561346241752182382120338553874085887555487802790804737501
 0.105352113571753019691496032887878162227673083080523884041670
-0.0644531250000000000000000000000000000000000000000000000000000
-0.0585937500000000000000000000000000000000000000000000000000000
-0.0527343750000000000000000000000000000000000000000000000000000
-0.0468750000000000000000000000000000000000000000000000000000000
-0.0410156250000000000000000000000000000000000000000000000000000
-0.0351562500000000000000000000000000000000000000000000000000000
-0.0292968750000000000000000000000000000000000000000000000000000
-0.0234375000000000000000000000000000000000000000000000000000000
-0.0175781250000000000000000000000000000000000000000000000000000
-0.0117187500000000000000000000000000000000000000000000000000000
-0.00585937500000000000000000000000000000000000000000000000000000
 0.0178571428571428571428571428571428571428571428571428571428571