  0.333333333333333333333333333333333317      
   0.00000000000000000000000000000000000      
  0.666666666666666666666666666666666635      
   8.33333333333333333333333333333333293E-0002
  0.333333333333333333333333333333333317      
  -8.33333333333333333333333333333333293E-0002
  -6.25000000000000000000000000000000000E-0002
   1.12500000000000000000000000000000000      
 -0.187500000000000000000000000000000000      
 -0.375000000000000000000000000000000000      
   0.00000000000000000000000000000000000      
   1.12500000000000000000000000000000000      
 -0.375000000000000000000000000000000000      
 -0.750000000000000000000000000000000000      
  0.500000000000000000000000000000000000      
  0.204545454545454545454545454545454556      
 -0.818181818181818181818181818181818226      
   1.43181818181818181818181818181818187      
   1.63636363636363636363636363636363645      
   0.00000000000000000000000000000000000      
  -1.45454545454545454545454545454545458      
