  0.500000000000000000000000000000000000      
  0.250000000000000000000000000000000000      
  0.250000000000000000000000000000000000      
  0.142857142857142857142857142857142850      
 -0.211711500865995102242491240624326771      
  0.896181193362840816998780325890613134      
  0.185506853511379047697476752306285819      
   0.00000000000000000000000000000000000      
  0.576671472695608889307177599601778259      
   6.51485091470006348944918762153650384E-0002
  0.199636993644913333470584316536000189      
   0.00000000000000000000000000000000000      
  0.377293769304328889071890199825778025      
 -0.463455389640606221966020386910577458      
  0.386524626691363999423545870548799244      
  0.128986292977241904605046495387428362      
   0.00000000000000000000000000000000000      
  -3.30255113144848234726973275461053424E-0002
 -0.349705286317742232836298256561791131      
  0.328517213141737153680363246838870247      
   9.79004561592594261244396137581683633E-0002
   7.14285714285714285714285714285714251E-0002
   0.00000000000000000000000000000000000      
   0.00000000000000000000000000000000000      
   0.00000000000000000000000000000000000      
   2.00216599311492047806236840330140304E-0003
  -1.18686838867860320597482790664130963E-0002
  0.111111111111111111111111111111111118      
   3.12500000000000000000000000000000000E-0002
   0.00000000000000000000000000000000000      
   0.00000000000000000000000000000000000      
   0.00000000000000000000000000000000000      
  -9.08696110082055579574477616022254237E-0003
  0.152777777777777777777777777777777788      
 -0.632546160695909722651131544730555999      
  0.957605344018952500669098543113000705      
   7.14285714285714285714285714285714251E-0002
   0.00000000000000000000000000000000000      
   0.00000000000000000000000000000000000      
   0.00000000000000000000000000000000000      
  0.111111111111111111111111111111111106      
 -0.637931350185264617219248497722456855      
   2.03108313916686158875252626687263639      
  -1.81086308293775428700836641305371571      
   1.06249844677046334769169518948728259      
   0.00000000000000000000000000000000000      
   0.00000000000000000000000000000000000      
   0.00000000000000000000000000000000000      
   0.00000000000000000000000000000000000      
 -0.551220563072728886326870535772441022      
   2.45138043241696711521034047609742736      
  -7.16495155323138222707175696204978296      
   7.55384044212027111596064585093867219      
  -2.22915821019474489298811825387520506      
  0.940109451961617775215759424661329965      
