   5.00000000000000000000000000000000024E-0002
   0.00000000000000000000000000000000000      
   0.00000000000000000000000000000000000      
   0.00000000000000000000000000000000000      
   0.00000000000000000000000000000000000      
   0.00000000000000000000000000000000000      
   0.00000000000000000000000000000000000      
  0.272222222222222222222222222222222202      
  0.355555555555555555555555555555555567      
  0.272222222222222222222222222222222202      
   5.00000000000000000000000000000000024E-0002
