+0.03181927458023409759419419944088926839595967458804889313841865851348230504492
+0.00000000000000000000000000000000000000000000000000000000000000000000000000000
+0.04681369289018421954398607025172424191865836856120072277976273594277845007872
+0.00000000000000000000000000000000000000000000000000000000000000000000000000000
+0.00000000000000000000000000000000000000000000000000000000000000000000000000000
+1.37553536170545749013126339747598151094852489823041688723220548486290269295630
+0.17506567143964248943590740397548086595186840317795589108615338820052040464001
+0.14924798653008455234489054168544610975862154045444166485218499565185924479229
+0.27180992312662372142355988162582830282467844949919584507610421296773792690656
-0.17077940511361075387191294440611902706762757201779959741914461935949309724569
+0.30035519768848521819453255694344499143765502380409939822945376435190034136303
-0.01014254403202798636405231311418830930667910487160410011307114999518762983823
-1.19177815782093190956613115811061881440838744821819017576359936663422556606341
+0.03639139354170713653095246097302347593652682408895579802073390992985525665017
-0.04683316086510645556720041443823709643011325850704077997225219431585033242635
+0.03249476632925818017001031769734448004031420121031955285305017988372000314167